Graph addvar/addexpr lines
1 1201
x Ssoma[1].v( 0.5 )
0	-65
0.025	-64.9181
0.05	-64.8375
0.075	-64.7579
0.1	-64.6792
0.125	-64.6014
0.15	-64.5243
0.175	-64.4479
0.2	-64.3721
0.225	-64.297
0.25	-64.2223
0.275	-64.1482
0.3	-64.0745
0.325	-64.0013
0.35	-63.9285
0.375	-63.8561
0.4	-63.784
0.425	-63.7123
0.45	-63.6409
0.475	-63.5697
0.5	-63.4989
0.525	-63.4282
0.55	-63.3578
0.575	-63.2876
0.6	-63.2176
0.625	-63.1478
0.65	-63.0782
0.675	-63.0087
0.7	-62.9394
0.725	-62.8703
0.75	-62.8012
0.775	-62.7323
0.8	-62.6634
0.825	-62.5946
0.85	-62.5258
0.875	-62.457
0.9	-62.3882
0.925	-62.3194
0.95	-62.2506
0.975	-62.1818
1	-62.1129
1.025	-62.044
1.05	-61.975
1.075	-61.906
1.1	-61.8368
1.125	-61.7676
1.15	-61.6981
1.175	-61.6285
1.2	-61.5587
1.225	-61.4886
1.25	-61.4183
1.275	-61.3478
1.3	-61.2769
1.325	-61.2058
1.35	-61.1344
1.375	-61.0627
1.4	-60.9906
1.425	-60.9182
1.45	-60.8454
1.475	-60.7721
1.5	-60.6984
1.525	-60.6242
1.55	-60.5494
1.575	-60.4741
1.6	-60.3981
1.625	-60.3215
1.65	-60.2443
1.675	-60.1664
1.7	-60.0877
1.725	-60.0083
1.75	-59.9282
1.775	-59.8472
1.8	-59.7653
1.825	-59.6824
1.85	-59.5985
1.875	-59.5135
1.9	-59.4274
1.925	-59.3401
1.95	-59.2515
1.975	-59.1615
2	-59.0703
2.025	-58.9775
2.05	-58.8833
2.075	-58.7874
2.1	-58.6898
2.125	-58.5903
2.15	-58.4889
2.175	-58.3853
2.2	-58.2795
2.225	-58.1714
2.25	-58.0608
2.275	-57.9476
2.3	-57.8317
2.325	-57.7128
2.35	-57.5907
2.375	-57.4651
2.4	-57.3359
2.425	-57.2028
2.45	-57.0655
2.475	-56.9237
2.5	-56.7772
2.525	-56.6256
2.55	-56.4682
2.575	-56.3048
2.6	-56.1349
2.625	-55.9579
2.65	-55.7732
2.675	-55.5802
2.7	-55.378
2.725	-55.1657
2.75	-54.9424
2.775	-54.7071
2.8	-54.4585
2.825	-54.195
2.85	-53.9151
2.875	-53.617
2.9	-53.2984
2.925	-52.9568
2.95	-52.5894
2.975	-52.1925
3	-51.7622
3.025	-51.2935
3.05	-50.7807
3.075	-50.2168
3.1	-49.5932
3.125	-48.8995
3.15	-48.123
3.175	-47.2476
3.2	-46.2531
3.225	-45.1141
3.25	-43.7981
3.275	-42.2633
3.3	-40.4555
3.325	-38.3045
3.35	-35.7201
3.375	-32.5879
3.4	-28.7679
3.425	-24.102
3.45	-18.4403
3.475	-11.7032
3.5	-3.98771
3.525	4.31329
3.55	12.4935
3.575	19.7316
3.6	25.4166
3.625	29.342
3.65	31.6515
3.675	32.6576
3.7	32.689
3.725	32.0185
3.75	30.8478
3.775	29.3194
3.8	27.5328
3.825	25.5584
3.85	23.4476
3.875	21.239
3.9	18.9626
3.925	16.6422
3.95	14.2969
3.975	11.9422
4	9.59075
4.025	7.25255
4.05	4.93569
4.075	2.64651
4.1	0.389825
4.125	-1.8307
4.15	-4.01239
4.175	-6.15345
4.2	-8.2528
4.225	-10.3099
4.25	-12.3247
4.275	-14.2975
4.3	-16.2288
4.325	-18.1195
4.35	-19.9709
4.375	-21.7844
4.4	-23.5618
4.425	-25.3054
4.45	-27.0177
4.475	-28.7012
4.5	-30.3596
4.525	-31.9963
4.55	-33.6153
4.575	-35.2209
4.6	-36.8175
4.625	-38.4095
4.65	-40.001
4.675	-41.5956
4.7	-43.1962
4.725	-44.8042
4.75	-46.4194
4.775	-48.0392
4.8	-49.6585
4.825	-51.2688
4.85	-52.8585
4.875	-54.4131
4.9	-55.9154
4.925	-57.3477
4.95	-58.6921
4.975	-59.9334
5	-61.0601
5.025	-62.0656
5.05	-62.9484
5.075	-63.7119
5.1	-64.3635
5.125	-64.9133
5.15	-65.3727
5.175	-65.7536
5.2	-66.0674
5.225	-66.3247
5.25	-66.5349
5.275	-66.7061
5.3	-66.8452
5.325	-66.9579
5.35	-67.049
5.375	-67.1224
5.4	-67.1814
5.425	-67.2286
5.45	-67.2661
5.475	-67.2955
5.5	-67.3185
5.525	-67.3359
5.55	-67.349
5.575	-67.3582
5.6	-67.3644
5.625	-67.368
5.65	-67.3694
5.675	-67.3689
5.7	-67.3669
5.725	-67.3635
5.75	-67.359
5.775	-67.3536
5.8	-67.3473
5.825	-67.3402
5.85	-67.3325
5.875	-67.3243
5.9	-67.3155
5.925	-67.3063
5.95	-67.2967
5.975	-67.2867
6	-67.2764
6.025	-67.2658
6.05	-67.255
6.075	-67.2438
6.1	-67.2325
6.125	-67.2208
6.15	-67.209
6.175	-67.197
6.2	-67.1848
6.225	-67.1724
6.25	-67.1598
6.275	-67.147
6.3	-67.1341
6.325	-67.121
6.35	-67.1078
6.375	-67.0944
6.4	-67.0809
6.425	-67.0672
6.45	-67.0533
6.475	-67.0393
6.5	-67.0252
6.525	-67.0109
6.55	-66.9965
6.575	-66.982
6.6	-66.9673
6.625	-66.9525
6.65	-66.9376
6.675	-66.9225
6.7	-66.9073
6.725	-66.8919
6.75	-66.8765
6.775	-66.8609
6.8	-66.8451
6.825	-66.8293
6.85	-66.8133
6.875	-66.7972
6.9	-66.781
6.925	-66.7646
6.95	-66.7481
6.975	-66.7315
7	-66.7148
7.025	-66.698
7.05	-66.681
7.075	-66.664
7.1	-66.6468
7.125	-66.6295
7.15	-66.612
7.175	-66.5945
7.2	-66.5769
7.225	-66.5591
7.25	-66.5412
7.275	-66.5232
7.3	-66.5051
7.325	-66.4869
7.35	-66.4686
7.375	-66.4502
7.4	-66.4317
7.425	-66.4131
7.45	-66.3943
7.475	-66.3755
7.5	-66.3566
7.525	-66.3376
7.55	-66.3184
7.575	-66.2992
7.6	-66.2799
7.625	-66.2605
7.65	-66.241
7.675	-66.2213
7.7	-66.2016
7.725	-66.1819
7.75	-66.162
7.775	-66.142
7.8	-66.122
7.825	-66.1018
7.85	-66.0816
7.875	-66.0613
7.9	-66.0409
7.925	-66.0204
7.95	-65.9999
7.975	-65.9792
8	-65.9585
8.025	-65.9377
8.05	-65.9168
8.075	-65.8959
8.1	-65.8749
8.125	-65.8537
8.15	-65.8326
8.175	-65.8113
8.2	-65.79
8.225	-65.7685
8.25	-65.7471
8.275	-65.7255
8.3	-65.7039
8.325	-65.6822
8.35	-65.6604
8.375	-65.6386
8.4	-65.6167
8.425	-65.5947
8.45	-65.5727
8.475	-65.5506
8.5	-65.5284
8.525	-65.5062
8.55	-65.4839
8.575	-65.4616
8.6	-65.4392
8.625	-65.4168
8.65	-65.3943
8.675	-65.3717
8.7	-65.3492
8.725	-65.3265
8.75	-65.3038
8.775	-65.2811
8.8	-65.2583
8.825	-65.2355
8.85	-65.2126
8.875	-65.1897
8.9	-65.1667
8.925	-65.1437
8.95	-65.1207
8.975	-65.0976
9	-65.0745
9.025	-65.0514
9.05	-65.0282
9.075	-65.005
9.1	-64.9817
9.125	-64.9585
9.15	-64.9351
9.175	-64.9118
9.2	-64.8884
9.225	-64.865
9.25	-64.8416
9.275	-64.8181
9.3	-64.7946
9.325	-64.771
9.35	-64.7475
9.375	-64.7238
9.4	-64.7002
9.425	-64.6765
9.45	-64.6528
9.475	-64.6291
9.5	-64.6053
9.525	-64.5815
9.55	-64.5577
9.575	-64.5339
9.6	-64.51
9.625	-64.4861
9.65	-64.4622
9.675	-64.4383
9.7	-64.4144
9.725	-64.3904
9.75	-64.3665
9.775	-64.3425
9.8	-64.3185
9.825	-64.2945
9.85	-64.2705
9.875	-64.2464
9.9	-64.2224
9.925	-64.1983
9.95	-64.1743
9.975	-64.1502
10	-64.1261
10.025	-64.1021
10.05	-64.078
10.075	-64.0539
10.1	-64.0299
10.125	-64.0058
10.15	-63.9817
10.175	-63.9576
10.2	-63.9336
10.225	-63.9095
10.25	-63.8854
10.275	-63.8613
10.3	-63.8372
10.325	-63.8131
10.35	-63.789
10.375	-63.7649
10.4	-63.7407
10.425	-63.7166
10.45	-63.6924
10.475	-63.6683
10.5	-63.6441
10.525	-63.62
10.55	-63.5958
10.575	-63.5716
10.6	-63.5475
10.625	-63.5233
10.65	-63.4991
10.675	-63.4749
10.7	-63.4508
10.725	-63.4266
10.75	-63.4024
10.775	-63.3783
10.8	-63.3541
10.825	-63.33
10.85	-63.3058
10.875	-63.2817
10.9	-63.2576
10.925	-63.2335
10.95	-63.2094
10.975	-63.1853
11	-63.1612
11.025	-63.1372
11.05	-63.1132
11.075	-63.0891
11.1	-63.0651
11.125	-63.0412
11.15	-63.0172
11.175	-62.9933
11.2	-62.9694
11.225	-62.9455
11.25	-62.9216
11.275	-62.8978
11.3	-62.8739
11.325	-62.8501
11.35	-62.8262
11.375	-62.8024
11.4	-62.7786
11.425	-62.7548
11.45	-62.7309
11.475	-62.7071
11.5	-62.6833
11.525	-62.6595
11.55	-62.6357
11.575	-62.612
11.6	-62.5882
11.625	-62.5644
11.65	-62.5407
11.675	-62.5169
11.7	-62.4932
11.725	-62.4695
11.75	-62.4458
11.775	-62.4221
11.8	-62.3985
11.825	-62.3748
11.85	-62.3512
11.875	-62.3276
11.9	-62.304
11.925	-62.2805
11.95	-62.2569
11.975	-62.2334
12	-62.2099
12.025	-62.1865
12.05	-62.1631
12.075	-62.1397
12.1	-62.1163
12.125	-62.093
12.15	-62.0697
12.175	-62.0464
12.2	-62.0232
12.225	-62
12.25	-61.9769
12.275	-61.9538
12.3	-61.9307
12.325	-61.9077
12.35	-61.8847
12.375	-61.8617
12.4	-61.8387
12.425	-61.8157
12.45	-61.7928
12.475	-61.7698
12.5	-61.7469
12.525	-61.724
12.55	-61.7011
12.575	-61.6782
12.6	-61.6554
12.625	-61.6325
12.65	-61.6097
12.675	-61.5869
12.7	-61.5642
12.725	-61.5414
12.75	-61.5187
12.775	-61.496
12.8	-61.4733
12.825	-61.4506
12.85	-61.428
12.875	-61.4054
12.9	-61.3829
12.925	-61.3603
12.95	-61.3378
12.975	-61.3154
13	-61.293
13.025	-61.2706
13.05	-61.2483
13.075	-61.226
13.1	-61.2037
13.125	-61.1815
13.15	-61.1593
13.175	-61.1372
13.2	-61.1152
13.225	-61.0932
13.25	-61.0712
13.275	-61.0493
13.3	-61.0275
13.325	-61.0057
13.35	-60.984
13.375	-60.9624
13.4	-60.9408
13.425	-60.9192
13.45	-60.8977
13.475	-60.8762
13.5	-60.8548
13.525	-60.8334
13.55	-60.812
13.575	-60.7906
13.6	-60.7693
13.625	-60.7481
13.65	-60.7269
13.675	-60.7057
13.7	-60.6845
13.725	-60.6634
13.75	-60.6423
13.775	-60.6213
13.8	-60.6003
13.825	-60.5793
13.85	-60.5584
13.875	-60.5375
13.9	-60.5167
13.925	-60.4959
13.95	-60.4752
13.975	-60.4545
14	-60.4339
14.025	-60.4134
14.05	-60.3929
14.075	-60.3725
14.1	-60.3521
14.125	-60.3318
14.15	-60.3115
14.175	-60.2914
14.2	-60.2713
14.225	-60.2513
14.25	-60.2313
14.275	-60.2115
14.3	-60.1917
14.325	-60.172
14.35	-60.1524
14.375	-60.1328
14.4	-60.1134
14.425	-60.0941
14.45	-60.0748
14.475	-60.0557
14.5	-60.0366
14.525	-60.0177
14.55	-59.9989
14.575	-59.9802
14.6	-59.9615
14.625	-59.943
14.65	-59.9246
14.675	-59.9062
14.7	-59.888
14.725	-59.8698
14.75	-59.8517
14.775	-59.8337
14.8	-59.8158
14.825	-59.798
14.85	-59.7802
14.875	-59.7626
14.9	-59.745
14.925	-59.7275
14.95	-59.7102
14.975	-59.6929
15	-59.6757
15.025	-59.6586
15.05	-59.6416
15.075	-59.6248
15.1	-59.608
15.125	-59.5913
15.15	-59.5748
15.175	-59.5584
15.2	-59.5421
15.225	-59.5259
15.25	-59.5098
15.275	-59.4939
15.3	-59.4781
15.325	-59.4624
15.35	-59.4469
15.375	-59.4315
15.4	-59.4162
15.425	-59.4011
15.45	-59.3862
15.475	-59.3714
15.5	-59.3567
15.525	-59.3422
15.55	-59.3279
15.575	-59.3138
15.6	-59.2998
15.625	-59.286
15.65	-59.2723
15.675	-59.2589
15.7	-59.2456
15.725	-59.2325
15.75	-59.2196
15.775	-59.2069
15.8	-59.1945
15.825	-59.1822
15.85	-59.1701
15.875	-59.1582
15.9	-59.1465
15.925	-59.1351
15.95	-59.1239
15.975	-59.1129
16	-59.1021
16.025	-59.0916
16.05	-59.0813
16.075	-59.0712
16.1	-59.0614
16.125	-59.0518
16.15	-59.0425
16.175	-59.0334
16.2	-59.0246
16.225	-59.0161
16.25	-59.0078
16.275	-58.9998
16.3	-58.9921
16.325	-58.9847
16.35	-58.9775
16.375	-58.9706
16.4	-58.964
16.425	-58.9576
16.45	-58.9516
16.475	-58.9458
16.5	-58.9403
16.525	-58.935
16.55	-58.9301
16.575	-58.9255
16.6	-58.9212
16.625	-58.9171
16.65	-58.9134
16.675	-58.91
16.7	-58.9069
16.725	-58.9041
16.75	-58.9016
16.775	-58.8995
16.8	-58.8977
16.825	-58.8962
16.85	-58.895
16.875	-58.8942
16.9	-58.8937
16.925	-58.8936
16.95	-58.8938
16.975	-58.8944
17	-58.8953
17.025	-58.8966
17.05	-58.8983
17.075	-58.9003
17.1	-58.9027
17.125	-58.9054
17.15	-58.9086
17.175	-58.9121
17.2	-58.916
17.225	-58.9202
17.25	-58.9249
17.275	-58.93
17.3	-58.9354
17.325	-58.9412
17.35	-58.9475
17.375	-58.9541
17.4	-58.9611
17.425	-58.9685
17.45	-58.9763
17.475	-58.9846
17.5	-58.9932
17.525	-59.0022
17.55	-59.0117
17.575	-59.0215
17.6	-59.0318
17.625	-59.0424
17.65	-59.0534
17.675	-59.0648
17.7	-59.0766
17.725	-59.0888
17.75	-59.1013
17.775	-59.1142
17.8	-59.1275
17.825	-59.1411
17.85	-59.1551
17.875	-59.1695
17.9	-59.1842
17.925	-59.1993
17.95	-59.2147
17.975	-59.2304
18	-59.2465
18.025	-59.2629
18.05	-59.2797
18.075	-59.2968
18.1	-59.3142
18.125	-59.3319
18.15	-59.3499
18.175	-59.3682
18.2	-59.3869
18.225	-59.4058
18.25	-59.425
18.275	-59.4445
18.3	-59.4642
18.325	-59.4843
18.35	-59.5046
18.375	-59.5251
18.4	-59.546
18.425	-59.567
18.45	-59.5883
18.475	-59.6098
18.5	-59.6315
18.525	-59.6535
18.55	-59.6757
18.575	-59.698
18.6	-59.7206
18.625	-59.7433
18.65	-59.7663
18.675	-59.7893
18.7	-59.8126
18.725	-59.836
18.75	-59.8596
18.775	-59.8833
18.8	-59.9071
18.825	-59.931
18.85	-59.9551
18.875	-59.9793
18.9	-60.0035
18.925	-60.0279
18.95	-60.0523
18.975	-60.0768
19	-60.1013
19.025	-60.1258
19.05	-60.1503
19.075	-60.1749
19.1	-60.1994
19.125	-60.2238
19.15	-60.2483
19.175	-60.2727
19.2	-60.297
19.225	-60.3212
19.25	-60.3454
19.275	-60.3695
19.3	-60.3936
19.325	-60.4175
19.35	-60.4413
19.375	-60.465
19.4	-60.4885
19.425	-60.512
19.45	-60.5353
19.475	-60.5585
19.5	-60.5815
19.525	-60.6044
19.55	-60.6271
19.575	-60.6497
19.6	-60.6721
19.625	-60.6943
19.65	-60.7164
19.675	-60.7382
19.7	-60.7599
19.725	-60.7814
19.75	-60.8027
19.775	-60.8237
19.8	-60.8446
19.825	-60.8653
19.85	-60.8858
19.875	-60.906
19.9	-60.926
19.925	-60.9458
19.95	-60.9654
19.975	-60.9848
20	-61.0039
20.025	-61.0228
20.05	-61.0414
20.075	-61.0598
20.1	-61.0779
20.125	-61.0958
20.15	-61.1133
20.175	-61.1306
20.2	-61.1477
20.225	-61.1644
20.25	-61.1809
20.275	-61.1971
20.3	-61.213
20.325	-61.2286
20.35	-61.2439
20.375	-61.2589
20.4	-61.2736
20.425	-61.2881
20.45	-61.3023
20.475	-61.3161
20.5	-61.3297
20.525	-61.343
20.55	-61.356
20.575	-61.3687
20.6	-61.3811
20.625	-61.3933
20.65	-61.4051
20.675	-61.4167
20.7	-61.428
20.725	-61.439
20.75	-61.4498
20.775	-61.4602
20.8	-61.4704
20.825	-61.4803
20.85	-61.4899
20.875	-61.4993
20.9	-61.5084
20.925	-61.5172
20.95	-61.5257
20.975	-61.534
21	-61.5421
21.025	-61.5498
21.05	-61.5573
21.075	-61.5646
21.1	-61.5716
21.125	-61.5783
21.15	-61.5848
21.175	-61.5911
21.2	-61.5971
21.225	-61.6028
21.25	-61.6083
21.275	-61.6136
21.3	-61.6186
21.325	-61.6234
21.35	-61.628
21.375	-61.6323
21.4	-61.6365
21.425	-61.6403
21.45	-61.644
21.475	-61.6474
21.5	-61.6507
21.525	-61.6537
21.55	-61.6564
21.575	-61.659
21.6	-61.6614
21.625	-61.6636
21.65	-61.6655
21.675	-61.6673
21.7	-61.6688
21.725	-61.6702
21.75	-61.6713
21.775	-61.6723
21.8	-61.6731
21.825	-61.6737
21.85	-61.6741
21.875	-61.6743
21.9	-61.6743
21.925	-61.6742
21.95	-61.6738
21.975	-61.6734
22	-61.6727
22.025	-61.6718
22.05	-61.6708
22.075	-61.6697
22.1	-61.6683
22.125	-61.6668
22.15	-61.6652
22.175	-61.6634
22.2	-61.6614
22.225	-61.6593
22.25	-61.657
22.275	-61.6546
22.3	-61.652
22.325	-61.6493
22.35	-61.6465
22.375	-61.6435
22.4	-61.6404
22.425	-61.6371
22.45	-61.6337
22.475	-61.6302
22.5	-61.6265
22.525	-61.6228
22.55	-61.6188
22.575	-61.6148
22.6	-61.6107
22.625	-61.6064
22.65	-61.602
22.675	-61.5975
22.7	-61.5929
22.725	-61.5882
22.75	-61.5833
22.775	-61.5784
22.8	-61.5733
22.825	-61.5682
22.85	-61.5629
22.875	-61.5576
22.9	-61.5521
22.925	-61.5466
22.95	-61.5409
22.975	-61.5352
23	-61.5294
23.025	-61.5235
23.05	-61.5175
23.075	-61.5114
23.1	-61.5052
23.125	-61.499
23.15	-61.4926
23.175	-61.4862
23.2	-61.4797
23.225	-61.4732
23.25	-61.4665
23.275	-61.4598
23.3	-61.453
23.325	-61.4462
23.35	-61.4393
23.375	-61.4323
23.4	-61.4252
23.425	-61.4181
23.45	-61.411
23.475	-61.4037
23.5	-61.3965
23.525	-61.3891
23.55	-61.3817
23.575	-61.3743
23.6	-61.3668
23.625	-61.3592
23.65	-61.3517
23.675	-61.344
23.7	-61.3363
23.725	-61.3286
23.75	-61.3208
23.775	-61.313
23.8	-61.3052
23.825	-61.2973
23.85	-61.2894
23.875	-61.2814
23.9	-61.2734
23.925	-61.2654
23.95	-61.2573
23.975	-61.2493
24	-61.2412
24.025	-61.233
24.05	-61.2249
24.075	-61.2167
24.1	-61.2085
24.125	-61.2003
24.15	-61.192
24.175	-61.1837
24.2	-61.1755
24.225	-61.1672
24.25	-61.1589
24.275	-61.1506
24.3	-61.1422
24.325	-61.1339
24.35	-61.1255
24.375	-61.1172
24.4	-61.1088
24.425	-61.1005
24.45	-61.0921
24.475	-61.0837
24.5	-61.0753
24.525	-61.067
24.55	-61.0586
24.575	-61.0502
24.6	-61.0419
24.625	-61.0335
24.65	-61.0252
24.675	-61.0168
24.7	-61.0085
24.725	-61.0002
24.75	-60.9919
24.775	-60.9836
24.8	-60.9753
24.825	-60.967
24.85	-60.9587
24.875	-60.9504
24.9	-60.9422
24.925	-60.9339
24.95	-60.9257
24.975	-60.9174
25	-60.9092
25.025	-60.9009
25.05	-60.8927
25.075	-60.8845
25.1	-60.8763
25.125	-60.8681
25.15	-60.8599
25.175	-60.8517
25.2	-60.8435
25.225	-60.8354
25.25	-60.8272
25.275	-60.8191
25.3	-60.811
25.325	-60.8029
25.35	-60.7948
25.375	-60.7868
25.4	-60.7788
25.425	-60.7708
25.45	-60.7628
25.475	-60.7548
25.5	-60.7469
25.525	-60.739
25.55	-60.7311
25.575	-60.7232
25.6	-60.7154
25.625	-60.7076
25.65	-60.6998
25.675	-60.6921
25.7	-60.6844
25.725	-60.6767
25.75	-60.6691
25.775	-60.6615
25.8	-60.6539
25.825	-60.6464
25.85	-60.6389
25.875	-60.6315
25.9	-60.6241
25.925	-60.6167
25.95	-60.6094
25.975	-60.6021
26	-60.5949
26.025	-60.5877
26.05	-60.5806
26.075	-60.5735
26.1	-60.5664
26.125	-60.5595
26.15	-60.5525
26.175	-60.5456
26.2	-60.5388
26.225	-60.532
26.25	-60.5253
26.275	-60.5186
26.3	-60.512
26.325	-60.5054
26.35	-60.4989
26.375	-60.4925
26.4	-60.4861
26.425	-60.4798
26.45	-60.4735
26.475	-60.4673
26.5	-60.4612
26.525	-60.4551
26.55	-60.4491
26.575	-60.4432
26.6	-60.4373
26.625	-60.4315
26.65	-60.4258
26.675	-60.4201
26.7	-60.4145
26.725	-60.409
26.75	-60.4035
26.775	-60.3982
26.8	-60.3929
26.825	-60.3876
26.85	-60.3825
26.875	-60.3774
26.9	-60.3724
26.925	-60.3674
26.95	-60.3626
26.975	-60.3578
27	-60.3531
27.025	-60.3485
27.05	-60.344
27.075	-60.3395
27.1	-60.3351
27.125	-60.3308
27.15	-60.3266
27.175	-60.3225
27.2	-60.3185
27.225	-60.3145
27.25	-60.3106
27.275	-60.3068
27.3	-60.3031
27.325	-60.2995
27.35	-60.296
27.375	-60.2926
27.4	-60.2892
27.425	-60.2859
27.45	-60.2828
27.475	-60.2797
27.5	-60.2767
27.525	-60.2738
27.55	-60.271
27.575	-60.2682
27.6	-60.2656
27.625	-60.2631
27.65	-60.2606
27.675	-60.2583
27.7	-60.256
27.725	-60.2538
27.75	-60.2517
27.775	-60.2498
27.8	-60.2479
27.825	-60.2461
27.85	-60.2444
27.875	-60.2427
27.9	-60.2412
27.925	-60.2398
27.95	-60.2385
27.975	-60.2372
28	-60.2361
28.025	-60.235
28.05	-60.2341
28.075	-60.2332
28.1	-60.2325
28.125	-60.2318
28.15	-60.2312
28.175	-60.2307
28.2	-60.2303
28.225	-60.23
28.25	-60.2298
28.275	-60.2297
28.3	-60.2297
28.325	-60.2298
28.35	-60.2299
28.375	-60.2302
28.4	-60.2306
28.425	-60.231
28.45	-60.2315
28.475	-60.2322
28.5	-60.2329
28.525	-60.2337
28.55	-60.2346
28.575	-60.2356
28.6	-60.2367
28.625	-60.2378
28.65	-60.2391
28.675	-60.2404
28.7	-60.2418
28.725	-60.2434
28.75	-60.245
28.775	-60.2466
28.8	-60.2484
28.825	-60.2503
28.85	-60.2522
28.875	-60.2542
28.9	-60.2563
28.925	-60.2585
28.95	-60.2608
28.975	-60.2631
29	-60.2656
29.025	-60.2681
29.05	-60.2707
29.075	-60.2733
29.1	-60.2761
29.125	-60.2789
29.15	-60.2817
29.175	-60.2847
29.2	-60.2877
29.225	-60.2909
29.25	-60.294
29.275	-60.2973
29.3	-60.3006
29.325	-60.304
29.35	-60.3074
29.375	-60.3109
29.4	-60.3145
29.425	-60.3182
29.45	-60.3219
29.475	-60.3257
29.5	-60.3295
29.525	-60.3334
29.55	-60.3373
29.575	-60.3413
29.6	-60.3454
29.625	-60.3495
29.65	-60.3537
29.675	-60.3579
29.7	-60.3622
29.725	-60.3666
29.75	-60.3709
29.775	-60.3754
29.8	-60.3798
29.825	-60.3844
29.85	-60.3889
29.875	-60.3936
29.9	-60.3982
29.925	-60.4029
29.95	-60.4077
29.975	-60.4124
30	-60.4173
0 unlabeled lines
Graph addvar/addexpr lines
1 1201
x Ssoma[1].h_hh( 0.5 )
0.0125	0.596121
0.0375	0.596105
0.0625	0.596073
0.0875	0.596027
0.1125	0.595965
0.1375	0.595888
0.1625	0.595797
0.1875	0.595691
0.2125	0.595571
0.2375	0.595437
0.2625	0.595289
0.2875	0.595127
0.3125	0.594952
0.3375	0.594763
0.3625	0.59456
0.3875	0.594344
0.4125	0.594114
0.4375	0.593872
0.4625	0.593616
0.4875	0.593346
0.5125	0.593064
0.5375	0.592769
0.5625	0.592462
0.5875	0.592141
0.6125	0.591808
0.6375	0.591462
0.6625	0.591104
0.6875	0.590734
0.7125	0.59035
0.7375	0.589955
0.7625	0.589547
0.7875	0.589127
0.8125	0.588695
0.8375	0.58825
0.8625	0.587793
0.8875	0.587324
0.9125	0.586843
0.9375	0.58635
0.9625	0.585845
0.9875	0.585328
1.0125	0.584799
1.0375	0.584257
1.0625	0.583704
1.0875	0.583139
1.1125	0.582562
1.1375	0.581973
1.1625	0.581372
1.1875	0.580759
1.2125	0.580134
1.2375	0.579497
1.2625	0.578848
1.2875	0.578186
1.3125	0.577513
1.3375	0.576827
1.3625	0.576129
1.3875	0.575419
1.4125	0.574696
1.4375	0.573962
1.4625	0.573214
1.4875	0.572455
1.5125	0.571682
1.5375	0.570897
1.5625	0.5701
1.5875	0.569289
1.6125	0.568466
1.6375	0.567629
1.6625	0.566779
1.6875	0.565915
1.7125	0.565038
1.7375	0.564148
1.7625	0.563243
1.7875	0.562325
1.8125	0.561392
1.8375	0.560445
1.8625	0.559484
1.8875	0.558508
1.9125	0.557516
1.9375	0.55651
1.9625	0.555487
1.9875	0.554449
2.0125	0.553394
2.0375	0.552322
2.0625	0.551234
2.0875	0.550129
2.1125	0.549006
2.1375	0.547865
2.1625	0.546705
2.1875	0.545526
2.2125	0.544328
2.2375	0.543109
2.2625	0.541869
2.2875	0.540607
2.3125	0.539324
2.3375	0.538017
2.3625	0.536688
2.3875	0.535333
2.4125	0.533953
2.4375	0.532546
2.4625	0.531111
2.4875	0.529647
2.5125	0.528153
2.5375	0.526628
2.5625	0.525069
2.5875	0.523476
2.6125	0.521845
2.6375	0.520175
2.6625	0.518464
2.6875	0.516711
2.7125	0.514911
2.7375	0.513062
2.7625	0.511159
2.7875	0.509201
2.8125	0.507182
2.8375	0.505098
2.8625	0.502942
2.8875	0.500711
2.9125	0.498395
2.9375	0.495987
2.9625	0.49348
2.9875	0.49086
3.0125	0.488117
3.0375	0.485235
3.0625	0.482198
3.0875	0.478985
3.1125	0.475571
3.1375	0.471925
3.1625	0.468011
3.1875	0.463787
3.2125	0.459193
3.2375	0.454157
3.2625	0.448594
3.2875	0.442389
3.3125	0.435403
3.3375	0.427463
3.3625	0.418372
3.3875	0.407939
3.4125	0.396027
3.4375	0.382664
3.4625	0.368128
3.4875	0.352914
3.5125	0.337569
3.5375	0.322504
3.5625	0.307939
3.5875	0.29396
3.6125	0.280586
3.6375	0.267808
3.6625	0.255607
3.6875	0.243961
3.7125	0.232846
3.7375	0.22224
3.7625	0.212122
3.7875	0.202468
3.8125	0.193261
3.8375	0.18448
3.8625	0.176107
3.8875	0.168125
3.9125	0.160518
3.9375	0.153271
3.9625	0.146369
3.9875	0.1398
4.0125	0.133551
4.0375	0.127611
4.0625	0.121969
4.0875	0.116616
4.1125	0.111543
4.1375	0.106742
4.1625	0.102207
4.1875	0.0979319
4.2125	0.0939099
4.2375	0.0901365
4.2625	0.0866071
4.2875	0.0833175
4.3125	0.0802636
4.3375	0.0774416
4.3625	0.0748476
4.3875	0.0724785
4.4125	0.0703303
4.4375	0.0683983
4.4625	0.0666776
4.4875	0.0651653
4.5125	0.0638562
4.5375	0.0627444
4.5625	0.0618278
4.5875	0.0611008
4.6125	0.0605595
4.6375	0.0602015
4.6625	0.0600218
4.6875	0.0600215
4.7125	0.0601972
4.7375	0.0605486
4.7625	0.0610764
4.7875	0.0617791
4.8125	0.0626605
4.8375	0.06372
4.8625	0.064958
4.8875	0.0663758
4.9125	0.0679699
4.9375	0.0697392
4.9625	0.0716769
4.9875	0.0737738
5.0125	0.0760201
5.0375	0.0784029
5.0625	0.0809076
5.0875	0.0835194
5.1125	0.0862223
5.1375	0.0890004
5.1625	0.0918412
5.1875	0.0947314
5.2125	0.0976596
5.2375	0.100617
5.2625	0.103596
5.2875	0.106589
5.3125	0.109591
5.3375	0.112595
5.3625	0.1156
5.3875	0.118602
5.4125	0.121599
5.4375	0.124587
5.4625	0.127567
5.4875	0.130535
5.5125	0.133491
5.5375	0.136435
5.5625	0.139365
5.5875	0.142281
5.6125	0.145182
5.6375	0.148068
5.6625	0.150938
5.6875	0.153793
5.7125	0.156631
5.7375	0.159454
5.7625	0.162261
5.7875	0.165051
5.8125	0.167825
5.8375	0.170583
5.8625	0.173324
5.8875	0.176049
5.9125	0.178757
5.9375	0.181449
5.9625	0.184125
5.9875	0.186784
6.0125	0.189427
6.0375	0.192053
6.0625	0.194664
6.0875	0.197258
6.1125	0.199836
6.1375	0.202397
6.1625	0.204943
6.1875	0.207473
6.2125	0.209987
6.2375	0.212485
6.2625	0.214967
6.2875	0.217433
6.3125	0.219883
6.3375	0.222318
6.3625	0.224737
6.3875	0.227141
6.4125	0.229529
6.4375	0.231901
6.4625	0.234258
6.4875	0.2366
6.5125	0.238927
6.5375	0.241238
6.5625	0.243535
6.5875	0.245816
6.6125	0.248082
6.6375	0.250333
6.6625	0.252569
6.6875	0.254791
6.7125	0.256998
6.7375	0.25919
6.7625	0.261367
6.7875	0.26353
6.8125	0.265678
6.8375	0.267812
6.8625	0.269931
6.8875	0.272036
6.9125	0.274126
6.9375	0.276202
6.9625	0.278264
6.9875	0.280312
7.0125	0.282346
7.0375	0.284366
7.0625	0.286371
7.0875	0.288363
7.1125	0.290341
7.1375	0.292305
7.1625	0.294255
7.1875	0.296192
7.2125	0.298115
7.2375	0.300024
7.2625	0.301919
7.2875	0.303802
7.3125	0.30567
7.3375	0.307525
7.3625	0.309367
7.3875	0.311196
7.4125	0.313011
7.4375	0.314813
7.4625	0.316602
7.4875	0.318378
7.5125	0.320141
7.5375	0.321891
7.5625	0.323628
7.5875	0.325352
7.6125	0.327063
7.6375	0.328762
7.6625	0.330448
7.6875	0.332121
7.7125	0.333781
7.7375	0.335429
7.7625	0.337064
7.7875	0.338687
7.8125	0.340298
7.8375	0.341896
7.8625	0.343482
7.8875	0.345055
7.9125	0.346616
7.9375	0.348166
7.9625	0.349703
7.9875	0.351228
8.0125	0.352741
8.0375	0.354242
8.0625	0.355731
8.0875	0.357208
8.1125	0.358674
8.1375	0.360127
8.1625	0.361569
8.1875	0.363
8.2125	0.364419
8.2375	0.365826
8.2625	0.367221
8.2875	0.368606
8.3125	0.369978
8.3375	0.37134
8.3625	0.37269
8.3875	0.374029
8.4125	0.375356
8.4375	0.376673
8.4625	0.377978
8.4875	0.379272
8.5125	0.380555
8.5375	0.381827
8.5625	0.383088
8.5875	0.384338
8.6125	0.385577
8.6375	0.386806
8.6625	0.388024
8.6875	0.389231
8.7125	0.390427
8.7375	0.391612
8.7625	0.392788
8.7875	0.393952
8.8125	0.395106
8.8375	0.39625
8.8625	0.397383
8.8875	0.398506
8.9125	0.399618
8.9375	0.40072
8.9625	0.401812
8.9875	0.402894
9.0125	0.403966
9.0375	0.405027
9.0625	0.406079
9.0875	0.407121
9.1125	0.408152
9.1375	0.409174
9.1625	0.410186
9.1875	0.411188
9.2125	0.41218
9.2375	0.413163
9.2625	0.414136
9.2875	0.415099
9.3125	0.416053
9.3375	0.416997
9.3625	0.417932
9.3875	0.418857
9.4125	0.419772
9.4375	0.420679
9.4625	0.421576
9.4875	0.422463
9.5125	0.423342
9.5375	0.424211
9.5625	0.425071
9.5875	0.425922
9.6125	0.426764
9.6375	0.427596
9.6625	0.42842
9.6875	0.429235
9.7125	0.43004
9.7375	0.430837
9.7625	0.431625
9.7875	0.432404
9.8125	0.433175
9.8375	0.433936
9.8625	0.434689
9.8875	0.435434
9.9125	0.436169
9.9375	0.436897
9.9625	0.437615
9.9875	0.438325
10.0125	0.439027
10.0375	0.43972
10.0625	0.440405
10.0875	0.441082
10.1125	0.44175
10.1375	0.442411
10.1625	0.443063
10.1875	0.443706
10.2125	0.444342
10.2375	0.44497
10.2625	0.445589
10.2875	0.446201
10.3125	0.446805
10.3375	0.4474
10.3625	0.447988
10.3875	0.448568
10.4125	0.44914
10.4375	0.449705
10.4625	0.450261
10.4875	0.45081
10.5125	0.451352
10.5375	0.451885
10.5625	0.452411
10.5875	0.45293
10.6125	0.453441
10.6375	0.453944
10.6625	0.454441
10.6875	0.454929
10.7125	0.45541
10.7375	0.455884
10.7625	0.456351
10.7875	0.45681
10.8125	0.457262
10.8375	0.457707
10.8625	0.458145
10.8875	0.458576
10.9125	0.458999
10.9375	0.459415
10.9625	0.459825
10.9875	0.460227
11.0125	0.460623
11.0375	0.461011
11.0625	0.461393
11.0875	0.461768
11.1125	0.462136
11.1375	0.462498
11.1625	0.462852
11.1875	0.4632
11.2125	0.463541
11.2375	0.463876
11.2625	0.464204
11.2875	0.464526
11.3125	0.464841
11.3375	0.46515
11.3625	0.465452
11.3875	0.465748
11.4125	0.466037
11.4375	0.46632
11.4625	0.466597
11.4875	0.466868
11.5125	0.467132
11.5375	0.46739
11.5625	0.467642
11.5875	0.467888
11.6125	0.468127
11.6375	0.468361
11.6625	0.468588
11.6875	0.46881
11.7125	0.469025
11.7375	0.469234
11.7625	0.469438
11.7875	0.469636
11.8125	0.469827
11.8375	0.470013
11.8625	0.470193
11.8875	0.470367
11.9125	0.470536
11.9375	0.470699
11.9625	0.470856
11.9875	0.471007
12.0125	0.471153
12.0375	0.471293
12.0625	0.471428
12.0875	0.471557
12.1125	0.471681
12.1375	0.471799
12.1625	0.471912
12.1875	0.472019
12.2125	0.472121
12.2375	0.472218
12.2625	0.472309
12.2875	0.472396
12.3125	0.472477
12.3375	0.472552
12.3625	0.472623
12.3875	0.472689
12.4125	0.472749
12.4375	0.472805
12.4625	0.472855
12.4875	0.472901
12.5125	0.472941
12.5375	0.472977
12.5625	0.473008
12.5875	0.473033
12.6125	0.473054
12.6375	0.47307
12.6625	0.473082
12.6875	0.473088
12.7125	0.47309
12.7375	0.473087
12.7625	0.473079
12.7875	0.473067
12.8125	0.47305
12.8375	0.473028
12.8625	0.473002
12.8875	0.472971
12.9125	0.472935
12.9375	0.472895
12.9625	0.472851
12.9875	0.472802
13.0125	0.472749
13.0375	0.472691
13.0625	0.472629
13.0875	0.472563
13.1125	0.472492
13.1375	0.472417
13.1625	0.472338
13.1875	0.472254
13.2125	0.472167
13.2375	0.472075
13.2625	0.471979
13.2875	0.471879
13.3125	0.471775
13.3375	0.471667
13.3625	0.471555
13.3875	0.471439
13.4125	0.471319
13.4375	0.471196
13.4625	0.471068
13.4875	0.470937
13.5125	0.470802
13.5375	0.470663
13.5625	0.470521
13.5875	0.470375
13.6125	0.470225
13.6375	0.470071
13.6625	0.469914
13.6875	0.469754
13.7125	0.469589
13.7375	0.469422
13.7625	0.46925
13.7875	0.469076
13.8125	0.468897
13.8375	0.468716
13.8625	0.468531
13.8875	0.468342
13.9125	0.46815
13.9375	0.467955
13.9625	0.467757
13.9875	0.467555
14.0125	0.46735
14.0375	0.467142
14.0625	0.46693
14.0875	0.466716
14.1125	0.466498
14.1375	0.466277
14.1625	0.466053
14.1875	0.465826
14.2125	0.465596
14.2375	0.465363
14.2625	0.465127
14.2875	0.464888
14.3125	0.464647
14.3375	0.464402
14.3625	0.464155
14.3875	0.463904
14.4125	0.463651
14.4375	0.463396
14.4625	0.463137
14.4875	0.462876
14.5125	0.462612
14.5375	0.462346
14.5625	0.462077
14.5875	0.461806
14.6125	0.461532
14.6375	0.461256
14.6625	0.460978
14.6875	0.460697
14.7125	0.460414
14.7375	0.460129
14.7625	0.459842
14.7875	0.459552
14.8125	0.45926
14.8375	0.458967
14.8625	0.458671
14.8875	0.458373
14.9125	0.458073
14.9375	0.457771
14.9625	0.457467
14.9875	0.457161
15.0125	0.456853
15.0375	0.456544
15.0625	0.456232
15.0875	0.455919
15.1125	0.455604
15.1375	0.455287
15.1625	0.454968
15.1875	0.454648
15.2125	0.454326
15.2375	0.454003
15.2625	0.453678
15.2875	0.453351
15.3125	0.453023
15.3375	0.452694
15.3625	0.452363
15.3875	0.452031
15.4125	0.451697
15.4375	0.451362
15.4625	0.451026
15.4875	0.450688
15.5125	0.45035
15.5375	0.45001
15.5625	0.449669
15.5875	0.449327
15.6125	0.448984
15.6375	0.448641
15.6625	0.448296
15.6875	0.44795
15.7125	0.447604
15.7375	0.447256
15.7625	0.446908
15.7875	0.44656
15.8125	0.44621
15.8375	0.44586
15.8625	0.44551
15.8875	0.445159
15.9125	0.444807
15.9375	0.444456
15.9625	0.444104
15.9875	0.443751
16.0125	0.443398
16.0375	0.443046
16.0625	0.442693
16.0875	0.44234
16.1125	0.441987
16.1375	0.441634
16.1625	0.441281
16.1875	0.440928
16.2125	0.440576
16.2375	0.440224
16.2625	0.439872
16.2875	0.43952
16.3125	0.439169
16.3375	0.438819
16.3625	0.438469
16.3875	0.43812
16.4125	0.437772
16.4375	0.437424
16.4625	0.437078
16.4875	0.436732
16.5125	0.436387
16.5375	0.436043
16.5625	0.435701
16.5875	0.435359
16.6125	0.435019
16.6375	0.43468
16.6625	0.434342
16.6875	0.434006
16.7125	0.433671
16.7375	0.433337
16.7625	0.433005
16.7875	0.432675
16.8125	0.432347
16.8375	0.43202
16.8625	0.431695
16.8875	0.431372
16.9125	0.43105
16.9375	0.430731
16.9625	0.430414
16.9875	0.430099
17.0125	0.429786
17.0375	0.429476
17.0625	0.429168
17.0875	0.428862
17.1125	0.428558
17.1375	0.428258
17.1625	0.427959
17.1875	0.427664
17.2125	0.427371
17.2375	0.427081
17.2625	0.426794
17.2875	0.426509
17.3125	0.426228
17.3375	0.42595
17.3625	0.425674
17.3875	0.425402
17.4125	0.425134
17.4375	0.424868
17.4625	0.424606
17.4875	0.424347
17.5125	0.424092
17.5375	0.423841
17.5625	0.423593
17.5875	0.423349
17.6125	0.423108
17.6375	0.422872
17.6625	0.422639
17.6875	0.422411
17.7125	0.422186
17.7375	0.421966
17.7625	0.42175
17.7875	0.421538
17.8125	0.42133
17.8375	0.421127
17.8625	0.420928
17.8875	0.420733
17.9125	0.420543
17.9375	0.420357
17.9625	0.420176
17.9875	0.42
18.0125	0.419828
18.0375	0.419661
18.0625	0.419498
18.0875	0.41934
18.1125	0.419187
18.1375	0.419039
18.1625	0.418896
18.1875	0.418757
18.2125	0.418624
18.2375	0.418495
18.2625	0.418371
18.2875	0.418252
18.3125	0.418139
18.3375	0.41803
18.3625	0.417926
18.3875	0.417827
18.4125	0.417734
18.4375	0.417645
18.4625	0.417562
18.4875	0.417483
18.5125	0.41741
18.5375	0.417342
18.5625	0.417279
18.5875	0.417221
18.6125	0.417168
18.6375	0.417121
18.6625	0.417078
18.6875	0.417041
18.7125	0.417008
18.7375	0.416981
18.7625	0.416959
18.7875	0.416942
18.8125	0.41693
18.8375	0.416923
18.8625	0.416921
18.8875	0.416924
18.9125	0.416933
18.9375	0.416946
18.9625	0.416964
18.9875	0.416988
19.0125	0.417016
19.0375	0.41705
19.0625	0.417089
19.0875	0.417132
19.1125	0.417181
19.1375	0.417234
19.1625	0.417292
19.1875	0.417355
19.2125	0.417422
19.2375	0.417494
19.2625	0.417571
19.2875	0.417653
19.3125	0.417739
19.3375	0.417829
19.3625	0.417924
19.3875	0.418023
19.4125	0.418126
19.4375	0.418234
19.4625	0.418346
19.4875	0.418461
19.5125	0.418581
19.5375	0.418705
19.5625	0.418833
19.5875	0.418965
19.6125	0.419101
19.6375	0.41924
19.6625	0.419383
19.6875	0.419529
19.7125	0.419679
19.7375	0.419833
19.7625	0.41999
19.7875	0.42015
19.8125	0.420314
19.8375	0.420481
19.8625	0.420651
19.8875	0.420824
19.9125	0.421
19.9375	0.42118
19.9625	0.421362
19.9875	0.421546
20.0125	0.421734
20.0375	0.421924
20.0625	0.422117
20.0875	0.422313
20.1125	0.422511
20.1375	0.422712
20.1625	0.422915
20.1875	0.423121
20.2125	0.423329
20.2375	0.423539
20.2625	0.423751
20.2875	0.423965
20.3125	0.424181
20.3375	0.4244
20.3625	0.424619
20.3875	0.424841
20.4125	0.425065
20.4375	0.42529
20.4625	0.425516
20.4875	0.425744
20.5125	0.425974
20.5375	0.426205
20.5625	0.426437
20.5875	0.42667
20.6125	0.426905
20.6375	0.42714
20.6625	0.427377
20.6875	0.427615
20.7125	0.427853
20.7375	0.428092
20.7625	0.428333
20.7875	0.428573
20.8125	0.428815
20.8375	0.429057
20.8625	0.4293
20.8875	0.429543
20.9125	0.429786
20.9375	0.43003
20.9625	0.430274
20.9875	0.430518
21.0125	0.430763
21.0375	0.431008
21.0625	0.431253
21.0875	0.431497
21.1125	0.431742
21.1375	0.431987
21.1625	0.432232
21.1875	0.432476
21.2125	0.432721
21.2375	0.432965
21.2625	0.433208
21.2875	0.433452
21.3125	0.433695
21.3375	0.433937
21.3625	0.434179
21.3875	0.434421
21.4125	0.434662
21.4375	0.434902
21.4625	0.435142
21.4875	0.43538
21.5125	0.435619
21.5375	0.435856
21.5625	0.436093
21.5875	0.436328
21.6125	0.436563
21.6375	0.436797
21.6625	0.43703
21.6875	0.437262
21.7125	0.437493
21.7375	0.437723
21.7625	0.437952
21.7875	0.43818
21.8125	0.438406
21.8375	0.438631
21.8625	0.438855
21.8875	0.439078
21.9125	0.4393
21.9375	0.43952
21.9625	0.439739
21.9875	0.439956
22.0125	0.440173
22.0375	0.440387
22.0625	0.4406
22.0875	0.440812
22.1125	0.441023
22.1375	0.441231
22.1625	0.441439
22.1875	0.441644
22.2125	0.441848
22.2375	0.442051
22.2625	0.442252
22.2875	0.442451
22.3125	0.442648
22.3375	0.442844
22.3625	0.443038
22.3875	0.44323
22.4125	0.443421
22.4375	0.44361
22.4625	0.443797
22.4875	0.443982
22.5125	0.444166
22.5375	0.444347
22.5625	0.444527
22.5875	0.444705
22.6125	0.444881
22.6375	0.445055
22.6625	0.445228
22.6875	0.445398
22.7125	0.445566
22.7375	0.445733
22.7625	0.445897
22.7875	0.44606
22.8125	0.446221
22.8375	0.446379
22.8625	0.446536
22.8875	0.446691
22.9125	0.446843
22.9375	0.446994
22.9625	0.447142
22.9875	0.447289
23.0125	0.447433
23.0375	0.447576
23.0625	0.447716
23.0875	0.447855
23.1125	0.447991
23.1375	0.448125
23.1625	0.448257
23.1875	0.448387
23.2125	0.448515
23.2375	0.448641
23.2625	0.448765
23.2875	0.448887
23.3125	0.449006
23.3375	0.449124
23.3625	0.449239
23.3875	0.449353
23.4125	0.449464
23.4375	0.449573
23.4625	0.44968
23.4875	0.449785
23.5125	0.449887
23.5375	0.449988
23.5625	0.450087
23.5875	0.450183
23.6125	0.450277
23.6375	0.450369
23.6625	0.45046
23.6875	0.450548
23.7125	0.450633
23.7375	0.450717
23.7625	0.450799
23.7875	0.450879
23.8125	0.450956
23.8375	0.451032
23.8625	0.451105
23.8875	0.451176
23.9125	0.451245
23.9375	0.451313
23.9625	0.451378
23.9875	0.451441
24.0125	0.451502
24.0375	0.45156
24.0625	0.451617
24.0875	0.451672
24.1125	0.451725
24.1375	0.451776
24.1625	0.451825
24.1875	0.451871
24.2125	0.451916
24.2375	0.451959
24.2625	0.452
24.2875	0.452039
24.3125	0.452075
24.3375	0.45211
24.3625	0.452143
24.3875	0.452174
24.4125	0.452203
24.4375	0.45223
24.4625	0.452256
24.4875	0.452279
24.5125	0.4523
24.5375	0.45232
24.5625	0.452338
24.5875	0.452354
24.6125	0.452368
24.6375	0.45238
24.6625	0.45239
24.6875	0.452399
24.7125	0.452405
24.7375	0.45241
24.7625	0.452413
24.7875	0.452415
24.8125	0.452415
24.8375	0.452412
24.8625	0.452409
24.8875	0.452403
24.9125	0.452396
24.9375	0.452388
24.9625	0.452377
24.9875	0.452365
25.0125	0.452351
25.0375	0.452336
25.0625	0.452319
25.0875	0.452301
25.1125	0.45228
25.1375	0.452259
25.1625	0.452235
25.1875	0.45221
25.2125	0.452184
25.2375	0.452156
25.2625	0.452126
25.2875	0.452095
25.3125	0.452063
25.3375	0.452029
25.3625	0.451993
25.3875	0.451956
25.4125	0.451918
25.4375	0.451878
25.4625	0.451836
25.4875	0.451794
25.5125	0.451749
25.5375	0.451704
25.5625	0.451657
25.5875	0.451608
25.6125	0.451559
25.6375	0.451508
25.6625	0.451455
25.6875	0.451402
25.7125	0.451347
25.7375	0.45129
25.7625	0.451233
25.7875	0.451174
25.8125	0.451114
25.8375	0.451052
25.8625	0.45099
25.8875	0.450926
25.9125	0.450861
25.9375	0.450795
25.9625	0.450728
25.9875	0.45066
26.0125	0.45059
26.0375	0.45052
26.0625	0.450448
26.0875	0.450375
26.1125	0.450302
26.1375	0.450227
26.1625	0.450151
26.1875	0.450074
26.2125	0.449996
26.2375	0.449917
26.2625	0.449838
26.2875	0.449757
26.3125	0.449675
26.3375	0.449593
26.3625	0.449509
26.3875	0.449425
26.4125	0.44934
26.4375	0.449254
26.4625	0.449167
26.4875	0.449079
26.5125	0.448991
26.5375	0.448902
26.5625	0.448812
26.5875	0.448721
26.6125	0.44863
26.6375	0.448538
26.6625	0.448445
26.6875	0.448352
26.7125	0.448258
26.7375	0.448164
26.7625	0.448068
26.7875	0.447973
26.8125	0.447876
26.8375	0.447779
26.8625	0.447682
26.8875	0.447584
26.9125	0.447486
26.9375	0.447387
26.9625	0.447288
26.9875	0.447188
27.0125	0.447088
27.0375	0.446987
27.0625	0.446887
27.0875	0.446785
27.1125	0.446684
27.1375	0.446582
27.1625	0.44648
27.1875	0.446377
27.2125	0.446275
27.2375	0.446172
27.2625	0.446069
27.2875	0.445966
27.3125	0.445862
27.3375	0.445758
27.3625	0.445655
27.3875	0.445551
27.4125	0.445447
27.4375	0.445343
27.4625	0.445239
27.4875	0.445135
27.5125	0.445031
27.5375	0.444927
27.5625	0.444822
27.5875	0.444718
27.6125	0.444614
27.6375	0.44451
27.6625	0.444407
27.6875	0.444303
27.7125	0.444199
27.7375	0.444096
27.7625	0.443993
27.7875	0.44389
27.8125	0.443787
27.8375	0.443684
27.8625	0.443582
27.8875	0.44348
27.9125	0.443378
27.9375	0.443277
27.9625	0.443176
27.9875	0.443075
28.0125	0.442975
28.0375	0.442875
28.0625	0.442775
28.0875	0.442676
28.1125	0.442577
28.1375	0.442479
28.1625	0.442381
28.1875	0.442283
28.2125	0.442186
28.2375	0.44209
28.2625	0.441994
28.2875	0.441899
28.3125	0.441804
28.3375	0.44171
28.3625	0.441617
28.3875	0.441524
28.4125	0.441432
28.4375	0.44134
28.4625	0.441249
28.4875	0.441159
28.5125	0.441069
28.5375	0.44098
28.5625	0.440892
28.5875	0.440805
28.6125	0.440718
28.6375	0.440633
28.6625	0.440548
28.6875	0.440463
28.7125	0.44038
28.7375	0.440297
28.7625	0.440215
28.7875	0.440135
28.8125	0.440055
28.8375	0.439975
28.8625	0.439897
28.8875	0.43982
28.9125	0.439743
28.9375	0.439668
28.9625	0.439593
28.9875	0.43952
29.0125	0.439447
29.0375	0.439375
29.0625	0.439305
29.0875	0.439235
29.1125	0.439166
29.1375	0.439099
29.1625	0.439032
29.1875	0.438966
29.2125	0.438902
29.2375	0.438838
29.2625	0.438776
29.2875	0.438714
29.3125	0.438654
29.3375	0.438595
29.3625	0.438536
29.3875	0.438479
29.4125	0.438423
29.4375	0.438369
29.4625	0.438315
29.4875	0.438262
29.5125	0.438211
29.5375	0.438161
29.5625	0.438111
29.5875	0.438063
29.6125	0.438016
29.6375	0.437971
29.6625	0.437926
29.6875	0.437883
29.7125	0.437841
29.7375	0.4378
29.7625	0.43776
29.7875	0.437721
29.8125	0.437683
29.8375	0.437647
29.8625	0.437612
29.8875	0.437578
29.9125	0.437545
29.9375	0.437514
29.9625	0.437483
29.9875	0.437454
30.0125	0.437426
0 unlabeled lines
Graph addvar/addexpr lines
1 1201
x Ssoma[1].gk_hh( 0.5 )
0.0125	0.000366644
0.0375	0.000366644
0.0625	0.000366694
0.0875	0.000366793
0.1125	0.000366939
0.1375	0.000367132
0.1625	0.000367372
0.1875	0.000367656
0.2125	0.000367986
0.2375	0.000368359
0.2625	0.000368777
0.2875	0.000369237
0.3125	0.00036974
0.3375	0.000370285
0.3625	0.000370871
0.3875	0.0003715
0.4125	0.000372169
0.4375	0.00037288
0.4625	0.000373632
0.4875	0.000374424
0.5125	0.000375256
0.5375	0.000376128
0.5625	0.00037704
0.5875	0.000377992
0.6125	0.000378983
0.6375	0.000380013
0.6625	0.000381082
0.6875	0.000382189
0.7125	0.000383336
0.7375	0.000384521
0.7625	0.000385746
0.7875	0.000387009
0.8125	0.000388311
0.8375	0.000389652
0.8625	0.000391032
0.8875	0.00039245
0.9125	0.000393908
0.9375	0.000395404
0.9625	0.00039694
0.9875	0.000398514
1.0125	0.000400127
1.0375	0.00040178
1.0625	0.000403472
1.0875	0.000405204
1.1125	0.000406975
1.1375	0.000408787
1.1625	0.000410639
1.1875	0.000412532
1.2125	0.000414466
1.2375	0.000416441
1.2625	0.000418457
1.2875	0.000420515
1.3125	0.000422615
1.3375	0.000424758
1.3625	0.000426944
1.3875	0.000429173
1.4125	0.000431446
1.4375	0.000433763
1.4625	0.000436125
1.4875	0.000438532
1.5125	0.000440986
1.5375	0.000443486
1.5625	0.000446034
1.5875	0.000448629
1.6125	0.000451273
1.6375	0.000453967
1.6625	0.000456711
1.6875	0.000459506
1.7125	0.000462352
1.7375	0.000465252
1.7625	0.000468206
1.7875	0.000471214
1.8125	0.000474279
1.8375	0.000477401
1.8625	0.000480581
1.8875	0.000483821
1.9125	0.000487122
1.9375	0.000490486
1.9625	0.000493914
1.9875	0.000497408
2.0125	0.000500969
2.0375	0.000504599
2.0625	0.0005083
2.0875	0.000512075
2.1125	0.000515925
2.1375	0.000519852
2.1625	0.000523859
2.1875	0.000527949
2.2125	0.000532125
2.2375	0.000536388
2.2625	0.000540744
2.2875	0.000545194
2.3125	0.000549742
2.3375	0.000554393
2.3625	0.000559149
2.3875	0.000564017
2.4125	0.000568999
2.4375	0.000574103
2.4625	0.000579332
2.4875	0.000584694
2.5125	0.000590194
2.5375	0.000595839
2.5625	0.000601636
2.5875	0.000607595
2.6125	0.000613725
2.6375	0.000620034
2.6625	0.000626535
2.6875	0.000633237
2.7125	0.000640155
2.7375	0.000647303
2.7625	0.000654697
2.7875	0.000662356
2.8125	0.000670297
2.8375	0.000678544
2.8625	0.000687122
2.8875	0.000696059
2.9125	0.000705386
2.9375	0.000715139
2.9625	0.000725362
2.9875	0.0007361
3.0125	0.00074741
3.0375	0.000759355
3.0625	0.000772011
3.0875	0.000785468
3.1125	0.000799831
3.1375	0.000815228
3.1625	0.000831815
3.1875	0.00084978
3.2125	0.000869355
3.2375	0.000890835
3.2625	0.000914593
3.2875	0.000941105
3.3125	0.000970992
3.3375	0.00100508
3.3625	0.00104447
3.3875	0.00109066
3.4125	0.0011457
3.4375	0.00121242
3.4625	0.00129463
3.4875	0.0013974
3.5125	0.00152709
3.5375	0.00169097
3.5625	0.00189602
3.5875	0.00214731
3.6125	0.00244645
3.6375	0.00279116
3.6625	0.00317614
3.6875	0.00359451
3.7125	0.00403895
3.7375	0.0045025
3.7625	0.00497877
3.7875	0.00546206
3.8125	0.00594735
3.8375	0.00643022
3.8625	0.00690686
3.8875	0.00737399
3.9125	0.00782882
3.9375	0.00826904
3.9625	0.00869271
3.9875	0.00909831
4.0125	0.00948469
4.0375	0.0098509
4.0625	0.0101964
4.0875	0.0105207
4.1125	0.0108236
4.1375	0.011105
4.1625	0.0113652
4.1875	0.0116042
4.2125	0.0118224
4.2375	0.0120201
4.2625	0.0121978
4.2875	0.0123558
4.3125	0.0124949
4.3375	0.0126154
4.3625	0.012718
4.3875	0.0128032
4.4125	0.0128717
4.4375	0.0129238
4.4625	0.0129604
4.4875	0.0129819
4.5125	0.0129889
4.5375	0.0129819
4.5625	0.0129615
4.5875	0.012928
4.6125	0.012882
4.6375	0.012824
4.6625	0.0127542
4.6875	0.0126732
4.7125	0.0125812
4.7375	0.0124787
4.7625	0.0123659
4.7875	0.0122434
4.8125	0.0121115
4.8375	0.0119706
4.8625	0.0118214
4.8875	0.0116643
4.9125	0.0115002
4.9375	0.0113298
4.9625	0.0111539
4.9875	0.0109735
5.0125	0.0107896
5.0375	0.0106031
5.0625	0.010415
5.0875	0.0102261
5.1125	0.0100373
5.1375	0.00984931
5.1625	0.00966265
5.1875	0.00947787
5.2125	0.00929538
5.2375	0.00911551
5.2625	0.00893848
5.2875	0.00876451
5.3125	0.00859371
5.3375	0.00842617
5.3625	0.00826196
5.3875	0.00810109
5.4125	0.00794357
5.4375	0.00778939
5.4625	0.00763852
5.4875	0.00749093
5.5125	0.00734657
5.5375	0.00720539
5.5625	0.00706734
5.5875	0.00693236
5.6125	0.00680038
5.6375	0.00667135
5.6625	0.00654521
5.6875	0.00642189
5.7125	0.00630134
5.7375	0.00618348
5.7625	0.00606826
5.7875	0.00595561
5.8125	0.00584548
5.8375	0.00573781
5.8625	0.00563254
5.8875	0.00552962
5.9125	0.00542898
5.9375	0.00533057
5.9625	0.00523435
5.9875	0.00514026
6.0125	0.00504824
6.0375	0.00495825
6.0625	0.00487024
6.0875	0.00478417
6.1125	0.00469998
6.1375	0.00461763
6.1625	0.00453708
6.1875	0.00445829
6.2125	0.0043812
6.2375	0.0043058
6.2625	0.00423202
6.2875	0.00415984
6.3125	0.00408921
6.3375	0.00402011
6.3625	0.00395249
6.3875	0.00388632
6.4125	0.00382156
6.4375	0.00375819
6.4625	0.00369616
6.4875	0.00363545
6.5125	0.00357603
6.5375	0.00351787
6.5625	0.00346093
6.5875	0.0034052
6.6125	0.00335063
6.6375	0.00329721
6.6625	0.00324491
6.6875	0.0031937
6.7125	0.00314356
6.7375	0.00309446
6.7625	0.00304638
6.7875	0.0029993
6.8125	0.00295319
6.8375	0.00290802
6.8625	0.00286379
6.8875	0.00282047
6.9125	0.00277803
6.9375	0.00273646
6.9625	0.00269574
6.9875	0.00265585
7.0125	0.00261677
7.0375	0.00257848
7.0625	0.00254096
7.0875	0.0025042
7.1125	0.00246818
7.1375	0.00243289
7.1625	0.0023983
7.1875	0.0023644
7.2125	0.00233118
7.2375	0.00229863
7.2625	0.00226671
7.2875	0.00223544
7.3125	0.00220478
7.3375	0.00217473
7.3625	0.00214527
7.3875	0.00211638
7.4125	0.00208807
7.4375	0.00206031
7.4625	0.00203309
7.4875	0.00200641
7.5125	0.00198024
7.5375	0.00195458
7.5625	0.00192942
7.5875	0.00190475
7.6125	0.00188055
7.6375	0.00185682
7.6625	0.00183355
7.6875	0.00181072
7.7125	0.00178833
7.7375	0.00176636
7.7625	0.00174482
7.7875	0.00172369
7.8125	0.00170295
7.8375	0.00168262
7.8625	0.00166266
7.8875	0.00164309
7.9125	0.00162388
7.9375	0.00160503
7.9625	0.00158654
7.9875	0.0015684
8.0125	0.00155059
8.0375	0.00153312
8.0625	0.00151597
8.0875	0.00149915
8.1125	0.00148264
8.1375	0.00146643
8.1625	0.00145053
8.1875	0.00143492
8.2125	0.00141959
8.2375	0.00140456
8.2625	0.00138979
8.2875	0.0013753
8.3125	0.00136108
8.3375	0.00134712
8.3625	0.00133341
8.3875	0.00131995
8.4125	0.00130674
8.4375	0.00129377
8.4625	0.00128104
8.4875	0.00126854
8.5125	0.00125627
8.5375	0.00124422
8.5625	0.00123238
8.5875	0.00122076
8.6125	0.00120936
8.6375	0.00119815
8.6625	0.00118715
8.6875	0.00117635
8.7125	0.00116574
8.7375	0.00115533
8.7625	0.0011451
8.7875	0.00113505
8.8125	0.00112519
8.8375	0.0011155
8.8625	0.00110598
8.8875	0.00109664
8.9125	0.00108746
8.9375	0.00107845
8.9625	0.00106959
8.9875	0.0010609
9.0125	0.00105236
9.0375	0.00104397
9.0625	0.00103573
9.0875	0.00102764
9.1125	0.00101969
9.1375	0.00101189
9.1625	0.00100422
9.1875	0.000996691
9.2125	0.000989296
9.2375	0.000982032
9.2625	0.000974898
9.2875	0.000967891
9.3125	0.000961009
9.3375	0.00095425
9.3625	0.000947612
9.3875	0.000941092
9.4125	0.000934689
9.4375	0.0009284
9.4625	0.000922224
9.4875	0.000916158
9.5125	0.000910201
9.5375	0.000904351
9.5625	0.000898606
9.5875	0.000892964
9.6125	0.000887423
9.6375	0.000881983
9.6625	0.00087664
9.6875	0.000871394
9.7125	0.000866243
9.7375	0.000861185
9.7625	0.000856218
9.7875	0.000851342
9.8125	0.000846555
9.8375	0.000841855
9.8625	0.000837241
9.8875	0.000832711
9.9125	0.000828265
9.9375	0.0008239
9.9625	0.000819616
9.9875	0.00081541
10.0125	0.000811283
10.0375	0.000807233
10.0625	0.000803257
10.0875	0.000799356
10.1125	0.000795529
10.1375	0.000791773
10.1625	0.000788088
10.1875	0.000784472
10.2125	0.000780926
10.2375	0.000777448
10.2625	0.000774036
10.2875	0.00077069
10.3125	0.000767409
10.3375	0.000764192
10.3625	0.000761037
10.3875	0.000757945
10.4125	0.000754913
10.4375	0.000751942
10.4625	0.00074903
10.4875	0.000746177
10.5125	0.000743381
10.5375	0.000740641
10.5625	0.000737958
10.5875	0.00073533
10.6125	0.000732756
10.6375	0.000730236
10.6625	0.000727768
10.6875	0.000725353
10.7125	0.000722989
10.7375	0.000720676
10.7625	0.000718412
10.7875	0.000716198
10.8125	0.000714033
10.8375	0.000711915
10.8625	0.000709845
10.8875	0.000707821
10.9125	0.000705843
10.9375	0.000703911
10.9625	0.000702024
10.9875	0.00070018
11.0125	0.000698381
11.0375	0.000696624
11.0625	0.00069491
11.0875	0.000693237
11.1125	0.000691606
11.1375	0.000690016
11.1625	0.000688466
11.1875	0.000686956
11.2125	0.000685485
11.2375	0.000684053
11.2625	0.00068266
11.2875	0.000681304
11.3125	0.000679987
11.3375	0.000678706
11.3625	0.000677461
11.3875	0.000676253
11.4125	0.000675081
11.4375	0.000673944
11.4625	0.000672842
11.4875	0.000671774
11.5125	0.000670741
11.5375	0.000669741
11.5625	0.000668774
11.5875	0.000667841
11.6125	0.00066694
11.6375	0.000666072
11.6625	0.000665235
11.6875	0.00066443
11.7125	0.000663656
11.7375	0.000662912
11.7625	0.0006622
11.7875	0.000661517
11.8125	0.000660865
11.8375	0.000660241
11.8625	0.000659647
11.8875	0.000659082
11.9125	0.000658546
11.9375	0.000658037
11.9625	0.000657557
11.9875	0.000657104
12.0125	0.000656679
12.0375	0.000656281
12.0625	0.000655909
12.0875	0.000655565
12.1125	0.000655246
12.1375	0.000654953
12.1625	0.000654686
12.1875	0.000654445
12.2125	0.000654228
12.2375	0.000654037
12.2625	0.00065387
12.2875	0.000653727
12.3125	0.000653609
12.3375	0.000653515
12.3625	0.000653445
12.3875	0.000653398
12.4125	0.000653375
12.4375	0.000653374
12.4625	0.000653397
12.4875	0.000653443
12.5125	0.000653511
12.5375	0.000653601
12.5625	0.000653713
12.5875	0.000653848
12.6125	0.000654004
12.6375	0.000654182
12.6625	0.000654381
12.6875	0.000654601
12.7125	0.000654843
12.7375	0.000655105
12.7625	0.000655388
12.7875	0.000655691
12.8125	0.000656015
12.8375	0.000656359
12.8625	0.000656723
12.8875	0.000657107
12.9125	0.00065751
12.9375	0.000657933
12.9625	0.000658375
12.9875	0.000658836
13.0125	0.000659317
13.0375	0.000659816
13.0625	0.000660334
13.0875	0.00066087
13.1125	0.000661424
13.1375	0.000661997
13.1625	0.000662588
13.1875	0.000663197
13.2125	0.000663823
13.2375	0.000664467
13.2625	0.000665128
13.2875	0.000665807
13.3125	0.000666502
13.3375	0.000667215
13.3625	0.000667944
13.3875	0.00066869
13.4125	0.000669452
13.4375	0.000670231
13.4625	0.000671026
13.4875	0.000671837
13.5125	0.000672664
13.5375	0.000673507
13.5625	0.000674365
13.5875	0.000675239
13.6125	0.000676129
13.6375	0.000677034
13.6625	0.000677955
13.6875	0.00067889
13.7125	0.000679841
13.7375	0.000680806
13.7625	0.000681786
13.7875	0.000682781
13.8125	0.000683791
13.8375	0.000684815
13.8625	0.000685853
13.8875	0.000686906
13.9125	0.000687973
13.9375	0.000689054
13.9625	0.000690149
13.9875	0.000691257
14.0125	0.000692379
14.0375	0.000693515
14.0625	0.000694664
14.0875	0.000695827
14.1125	0.000697003
14.1375	0.000698192
14.1625	0.000699393
14.1875	0.000700608
14.2125	0.000701835
14.2375	0.000703075
14.2625	0.000704327
14.2875	0.000705592
14.3125	0.000706869
14.3375	0.000708158
14.3625	0.000709458
14.3875	0.000710771
14.4125	0.000712095
14.4375	0.000713431
14.4625	0.000714778
14.4875	0.000716136
14.5125	0.000717505
14.5375	0.000718885
14.5625	0.000720276
14.5875	0.000721677
14.6125	0.000723089
14.6375	0.000724511
14.6625	0.000725944
14.6875	0.000727386
14.7125	0.000728838
14.7375	0.000730301
14.7625	0.000731772
14.7875	0.000733254
14.8125	0.000734744
14.8375	0.000736245
14.8625	0.000737754
14.8875	0.000739272
14.9125	0.000740799
14.9375	0.000742335
14.9625	0.00074388
14.9875	0.000745433
15.0125	0.000746994
15.0375	0.000748564
15.0625	0.000750142
15.0875	0.000751728
15.1125	0.000753322
15.1375	0.000754923
15.1625	0.000756532
15.1875	0.000758148
15.2125	0.000759772
15.2375	0.000761402
15.2625	0.00076304
15.2875	0.000764684
15.3125	0.000766335
15.3375	0.000767993
15.3625	0.000769656
15.3875	0.000771326
15.4125	0.000773001
15.4375	0.000774683
15.4625	0.00077637
15.4875	0.000778062
15.5125	0.000779759
15.5375	0.000781462
15.5625	0.000783169
15.5875	0.00078488
15.6125	0.000786596
15.6375	0.000788317
15.6625	0.000790041
15.6875	0.000791768
15.7125	0.0007935
15.7375	0.000795234
15.7625	0.000796972
15.7875	0.000798712
15.8125	0.000800455
15.8375	0.000802201
15.8625	0.000803948
15.8875	0.000805697
15.9125	0.000807448
15.9375	0.0008092
15.9625	0.000810953
15.9875	0.000812707
16.0125	0.000814461
16.0375	0.000816216
16.0625	0.000817971
16.0875	0.000819725
16.1125	0.000821479
16.1375	0.000823231
16.1625	0.000824983
16.1875	0.000826733
16.2125	0.000828481
16.2375	0.000830227
16.2625	0.000831971
16.2875	0.000833712
16.3125	0.00083545
16.3375	0.000837184
16.3625	0.000838915
16.3875	0.000840642
16.4125	0.000842364
16.4375	0.000844082
16.4625	0.000845795
16.4875	0.000847502
16.5125	0.000849204
16.5375	0.0008509
16.5625	0.000852589
16.5875	0.000854272
16.6125	0.000855948
16.6375	0.000857616
16.6625	0.000859277
16.6875	0.00086093
16.7125	0.000862574
16.7375	0.00086421
16.7625	0.000865836
16.7875	0.000867453
16.8125	0.000869061
16.8375	0.000870658
16.8625	0.000872245
16.8875	0.00087382
16.9125	0.000875384
16.9375	0.000876937
16.9625	0.000878478
16.9875	0.000880006
17.0125	0.000881521
17.0375	0.000883023
17.0625	0.000884512
17.0875	0.000885986
17.1125	0.000887446
17.1375	0.000888891
17.1625	0.000890321
17.1875	0.000891735
17.2125	0.000893133
17.2375	0.000894515
17.2625	0.00089588
17.2875	0.000897227
17.3125	0.000898557
17.3375	0.000899869
17.3625	0.000901162
17.3875	0.000902436
17.4125	0.000903691
17.4375	0.000904927
17.4625	0.000906142
17.4875	0.000907337
17.5125	0.00090851
17.5375	0.000909663
17.5625	0.000910793
17.5875	0.000911902
17.6125	0.000912988
17.6375	0.000914051
17.6625	0.000915091
17.6875	0.000916107
17.7125	0.000917099
17.7375	0.000918067
17.7625	0.00091901
17.7875	0.000919929
17.8125	0.000920822
17.8375	0.000921689
17.8625	0.000922531
17.8875	0.000923346
17.9125	0.000924135
17.9375	0.000924897
17.9625	0.000925632
17.9875	0.000926339
18.0125	0.00092702
18.0375	0.000927672
18.0625	0.000928297
18.0875	0.000928893
18.1125	0.000929461
18.1375	0.00093
18.1625	0.00093051
18.1875	0.000930992
18.2125	0.000931444
18.2375	0.000931867
18.2625	0.00093226
18.2875	0.000932624
18.3125	0.000932958
18.3375	0.000933263
18.3625	0.000933537
18.3875	0.000933782
18.4125	0.000933996
18.4375	0.000934181
18.4625	0.000934335
18.4875	0.000934458
18.5125	0.000934552
18.5375	0.000934615
18.5625	0.000934648
18.5875	0.000934651
18.6125	0.000934624
18.6375	0.000934566
18.6625	0.000934478
18.6875	0.00093436
18.7125	0.000934213
18.7375	0.000934035
18.7625	0.000933827
18.7875	0.00093359
18.8125	0.000933323
18.8375	0.000933026
18.8625	0.0009327
18.8875	0.000932345
18.9125	0.000931961
18.9375	0.000931548
18.9625	0.000931107
18.9875	0.000930637
19.0125	0.000930139
19.0375	0.000929613
19.0625	0.00092906
19.0875	0.000928479
19.1125	0.000927871
19.1375	0.000927237
19.1625	0.000926576
19.1875	0.00092589
19.2125	0.000925178
19.2375	0.00092444
19.2625	0.000923678
19.2875	0.000922892
19.3125	0.000922081
19.3375	0.000921246
19.3625	0.000920389
19.3875	0.000919509
19.4125	0.000918606
19.4375	0.000917681
19.4625	0.000916735
19.4875	0.000915767
19.5125	0.000914779
19.5375	0.000913771
19.5625	0.000912743
19.5875	0.000911696
19.6125	0.00091063
19.6375	0.000909545
19.6625	0.000908443
19.6875	0.000907323
19.7125	0.000906186
19.7375	0.000905032
19.7625	0.000903863
19.7875	0.000902677
19.8125	0.000901477
19.8375	0.000900262
19.8625	0.000899033
19.8875	0.000897789
19.9125	0.000896533
19.9375	0.000895264
19.9625	0.000893982
19.9875	0.000892689
20.0125	0.000891384
20.0375	0.000890068
20.0625	0.000888741
20.0875	0.000887405
20.1125	0.000886058
20.1375	0.000884703
20.1625	0.000883339
20.1875	0.000881968
20.2125	0.000880588
20.2375	0.000879201
20.2625	0.000877807
20.2875	0.000876407
20.3125	0.000875002
20.3375	0.00087359
20.3625	0.000872174
20.3875	0.000870753
20.4125	0.000869329
20.4375	0.0008679
20.4625	0.000866468
20.4875	0.000865034
20.5125	0.000863597
20.5375	0.000862158
20.5625	0.000860718
20.5875	0.000859276
20.6125	0.000857833
20.6375	0.00085639
20.6625	0.000854947
20.6875	0.000853504
20.7125	0.000852062
20.7375	0.000850621
20.7625	0.000849182
20.7875	0.000847743
20.8125	0.000846307
20.8375	0.000844874
20.8625	0.000843443
20.8875	0.000842015
20.9125	0.00084059
20.9375	0.000839169
20.9625	0.000837752
20.9875	0.000836339
21.0125	0.00083493
21.0375	0.000833527
21.0625	0.000832128
21.0875	0.000830734
21.1125	0.000829346
21.1375	0.000827964
21.1625	0.000826588
21.1875	0.000825218
21.2125	0.000823855
21.2375	0.000822498
21.2625	0.000821148
21.2875	0.000819806
21.3125	0.00081847
21.3375	0.000817143
21.3625	0.000815823
21.3875	0.000814511
21.4125	0.000813207
21.4375	0.000811911
21.4625	0.000810624
21.4875	0.000809346
21.5125	0.000808077
21.5375	0.000806816
21.5625	0.000805565
21.5875	0.000804323
21.6125	0.00080309
21.6375	0.000801867
21.6625	0.000800654
21.6875	0.000799451
21.7125	0.000798257
21.7375	0.000797074
21.7625	0.000795901
21.7875	0.000794738
21.8125	0.000793586
21.8375	0.000792444
21.8625	0.000791313
21.8875	0.000790193
21.9125	0.000789083
21.9375	0.000787985
21.9625	0.000786897
21.9875	0.000785821
22.0125	0.000784756
22.0375	0.000783702
22.0625	0.000782659
22.0875	0.000781628
22.1125	0.000780608
22.1375	0.0007796
22.1625	0.000778603
22.1875	0.000777618
22.2125	0.000776645
22.2375	0.000775683
22.2625	0.000774734
22.2875	0.000773796
22.3125	0.00077287
22.3375	0.000771955
22.3625	0.000771053
22.3875	0.000770163
22.4125	0.000769285
22.4375	0.000768418
22.4625	0.000767564
22.4875	0.000766722
22.5125	0.000765892
22.5375	0.000765074
22.5625	0.000764268
22.5875	0.000763474
22.6125	0.000762693
22.6375	0.000761923
22.6625	0.000761166
22.6875	0.000760421
22.7125	0.000759688
22.7375	0.000758967
22.7625	0.000758258
22.7875	0.000757561
22.8125	0.000756877
22.8375	0.000756204
22.8625	0.000755544
22.8875	0.000754896
22.9125	0.00075426
22.9375	0.000753636
22.9625	0.000753024
22.9875	0.000752424
23.0125	0.000751837
23.0375	0.000751261
23.0625	0.000750697
23.0875	0.000750145
23.1125	0.000749605
23.1375	0.000749077
23.1625	0.000748561
23.1875	0.000748056
23.2125	0.000747564
23.2375	0.000747083
23.2625	0.000746614
23.2875	0.000746156
23.3125	0.00074571
23.3375	0.000745276
23.3625	0.000744854
23.3875	0.000744443
23.4125	0.000744043
23.4375	0.000743655
23.4625	0.000743279
23.4875	0.000742913
23.5125	0.000742559
23.5375	0.000742217
23.5625	0.000741885
23.5875	0.000741565
23.6125	0.000741256
23.6375	0.000740958
23.6625	0.000740671
23.6875	0.000740395
23.7125	0.00074013
23.7375	0.000739876
23.7625	0.000739633
23.7875	0.0007394
23.8125	0.000739178
23.8375	0.000738967
23.8625	0.000738766
23.8875	0.000738576
23.9125	0.000738397
23.9375	0.000738227
23.9625	0.000738069
23.9875	0.00073792
24.0125	0.000737782
24.0375	0.000737654
24.0625	0.000737536
24.0875	0.000737428
24.1125	0.00073733
24.1375	0.000737241
24.1625	0.000737163
24.1875	0.000737095
24.2125	0.000737036
24.2375	0.000736987
24.2625	0.000736947
24.2875	0.000736917
24.3125	0.000736897
24.3375	0.000736885
24.3625	0.000736883
24.3875	0.000736891
24.4125	0.000736907
24.4375	0.000736933
24.4625	0.000736967
24.4875	0.000737011
24.5125	0.000737063
24.5375	0.000737124
24.5625	0.000737194
24.5875	0.000737272
24.6125	0.000737359
24.6375	0.000737454
24.6625	0.000737558
24.6875	0.00073767
24.7125	0.000737791
24.7375	0.000737919
24.7625	0.000738056
24.7875	0.0007382
24.8125	0.000738353
24.8375	0.000738513
24.8625	0.000738682
24.8875	0.000738858
24.9125	0.000739041
24.9375	0.000739233
24.9625	0.000739432
24.9875	0.000739638
25.0125	0.000739852
25.0375	0.000740073
25.0625	0.000740301
25.0875	0.000740537
25.1125	0.000740779
25.1375	0.000741029
25.1625	0.000741286
25.1875	0.00074155
25.2125	0.00074182
25.2375	0.000742098
25.2625	0.000742382
25.2875	0.000742672
25.3125	0.00074297
25.3375	0.000743274
25.3625	0.000743584
25.3875	0.000743901
25.4125	0.000744224
25.4375	0.000744553
25.4625	0.000744889
25.4875	0.00074523
25.5125	0.000745578
25.5375	0.000745931
25.5625	0.000746291
25.5875	0.000746656
25.6125	0.000747027
25.6375	0.000747404
25.6625	0.000747786
25.6875	0.000748174
25.7125	0.000748567
25.7375	0.000748965
25.7625	0.000749369
25.7875	0.000749778
25.8125	0.000750192
25.8375	0.000750611
25.8625	0.000751035
25.8875	0.000751464
25.9125	0.000751898
25.9375	0.000752336
25.9625	0.000752779
25.9875	0.000753227
26.0125	0.000753679
26.0375	0.000754135
26.0625	0.000754596
26.0875	0.000755061
26.1125	0.00075553
26.1375	0.000756003
26.1625	0.00075648
26.1875	0.000756961
26.2125	0.000757446
26.2375	0.000757934
26.2625	0.000758426
26.2875	0.000758922
26.3125	0.000759421
26.3375	0.000759924
26.3625	0.000760429
26.3875	0.000760938
26.4125	0.00076145
26.4375	0.000761965
26.4625	0.000762483
26.4875	0.000763004
26.5125	0.000763527
26.5375	0.000764053
26.5625	0.000764582
26.5875	0.000765113
26.6125	0.000765646
26.6375	0.000766182
26.6625	0.00076672
26.6875	0.00076726
26.7125	0.000767801
26.7375	0.000768345
26.7625	0.000768891
26.7875	0.000769438
26.8125	0.000769987
26.8375	0.000770538
26.8625	0.00077109
26.8875	0.000771643
26.9125	0.000772197
26.9375	0.000772753
26.9625	0.00077331
26.9875	0.000773867
27.0125	0.000774426
27.0375	0.000774985
27.0625	0.000775545
27.0875	0.000776105
27.1125	0.000776666
27.1375	0.000777227
27.1625	0.000777789
27.1875	0.000778351
27.2125	0.000778912
27.2375	0.000779474
27.2625	0.000780036
27.2875	0.000780597
27.3125	0.000781158
27.3375	0.000781719
27.3625	0.000782279
27.3875	0.000782839
27.4125	0.000783398
27.4375	0.000783956
27.4625	0.000784513
27.4875	0.00078507
27.5125	0.000785625
27.5375	0.000786179
27.5625	0.000786732
27.5875	0.000787283
27.6125	0.000787833
27.6375	0.000788381
27.6625	0.000788928
27.6875	0.000789473
27.7125	0.000790016
27.7375	0.000790558
27.7625	0.000791097
27.7875	0.000791634
27.8125	0.000792169
27.8375	0.000792701
27.8625	0.000793231
27.8875	0.000793759
27.9125	0.000794284
27.9375	0.000794807
27.9625	0.000795326
27.9875	0.000795843
28.0125	0.000796357
28.0375	0.000796868
28.0625	0.000797375
28.0875	0.00079788
28.1125	0.000798381
28.1375	0.000798879
28.1625	0.000799373
28.1875	0.000799864
28.2125	0.000800351
28.2375	0.000800835
28.2625	0.000801315
28.2875	0.000801791
28.3125	0.000802263
28.3375	0.00080273
28.3625	0.000803194
28.3875	0.000803654
28.4125	0.000804109
28.4375	0.00080456
28.4625	0.000805007
28.4875	0.000805449
28.5125	0.000805886
28.5375	0.000806319
28.5625	0.000806747
28.5875	0.00080717
28.6125	0.000807589
28.6375	0.000808003
28.6625	0.000808411
28.6875	0.000808815
28.7125	0.000809213
28.7375	0.000809607
28.7625	0.000809995
28.7875	0.000810377
28.8125	0.000810755
28.8375	0.000811127
28.8625	0.000811493
28.8875	0.000811854
28.9125	0.00081221
28.9375	0.000812559
28.9625	0.000812903
28.9875	0.000813242
29.0125	0.000813574
29.0375	0.000813901
29.0625	0.000814222
29.0875	0.000814537
29.1125	0.000814846
29.1375	0.000815149
29.1625	0.000815445
29.1875	0.000815736
29.2125	0.000816021
29.2375	0.000816299
29.2625	0.000816571
29.2875	0.000816837
29.3125	0.000817097
29.3375	0.00081735
29.3625	0.000817597
29.3875	0.000817838
29.4125	0.000818073
29.4375	0.0008183
29.4625	0.000818522
29.4875	0.000818737
29.5125	0.000818946
29.5375	0.000819148
29.5625	0.000819343
29.5875	0.000819532
29.6125	0.000819715
29.6375	0.000819891
29.6625	0.00082006
29.6875	0.000820223
29.7125	0.000820379
29.7375	0.000820529
29.7625	0.000820672
29.7875	0.000820808
29.8125	0.000820938
29.8375	0.000821061
29.8625	0.000821178
29.8875	0.000821288
29.9125	0.000821391
29.9375	0.000821488
29.9625	0.000821579
29.9875	0.000821663
30.0125	0.00082174
0 unlabeled lines
